-6.165854
-6.667303
-7.984437
-6.05063
-6.948425
-7.03975
-8.012665
-4.629119
-8.522186
-6.153136
-7.928425
-7.178341
-5.338585
-6.215885
-7.319018
-7.70134
-6.587718
-5.843047
-5.671213
-6.900698
-7.05553
-7.388302
-3.655044
-7.783051
-6.256442
-5.893578
-5.341735
-5.789925
-5.835146
-4.894524
-6.538098
-5.335095
-6.074896
-7.587977
-5.743952
-6.311021
-9.299777
-6.656834
-6.262664
-6.475373
-7.373923
-5.127534
-6.790447
-7.4349
-6.629652
-7.39917
-4.429311
-7.032387
-5.850813
-5.143039
-5.308121
-6.12597
-6.065356
-7.16166
-6.386518
-7.251812
-5.966947
-6.645679
-8.505561
-6.339392
-7.007386
-5.774145
-6.063112
-7.968407
-5.214263
-5.470268
-6.971836
-7.357247
-7.084865
-6.742796
-4.643125
-7.333895
-5.908328
-7.276864
-5.939967
-7.411727
-6.089428
-4.729534
-6.838171
-4.655468
-6.323538
-6.792614
-5.740711
-6.985
-7.411976
-5.903906
-5.437934
-7.154278
-6.891682
-7.27674
-6.542845
-7.04816
-4.960081
-5.375573
-6.641372
-6.243285
-7.269391
-6.661039
-7.47831
-5.80417
-5.231369
-7.480562
-8.139416
-6.261554
-6.481225
-7.508385
-6.636871
-4.463573
-5.00978
-6.057867
-6.036496
-6.121359
-5.820668
-6.299583
-5.542389
-6.988132
-6.011852
-5.062008
-6.121902
-4.57167
-5.173374
-5.485812
-5.981019
-6.380987
-7.941621
-5.390834
-5.88793
-7.598263
-6.185493
-6.784978
-4.461348
-4.072072
-4.774714
-8.361621
-6.036006
-6.424641
-6.134404
-6.528782
-6.158696
-5.575558
-6.134568
-5.764413
-4.59429
-5.416513
-7.366342
-5.899924
-4.054496
-6.12338
-5.83683
-5.6248
-9.095387
-6.077203
-4.91136
-5.674608
-5.935156
-6.278518
-6.006802
-6.133789
-7.073733
-6.326983
-6.608257
-5.280965
-8.354211
-8.51221
-3.903789
-5.698943
-6.935235
-5.34899
-4.9087
-6.888101
-6.227749
-6.496194
-7.764166
-4.808095
-7.024158
-8.295338
-7.480022
-4.933295
-6.780128
-6.808472
-4.809398
-4.640931
-6.662836
-5.86635
-6.847121
-5.71397
-5.705383
-5.867146
-8.183375
-4.933688
-6.034549
-6.46211
-6.42554
-6.687372
-5.230296
-3.444494
-4.938364
-4.882086
-6.581579
-5.168827
-5.622322
-5.262828
-6.876699
-8.630311
-6.719046
-6.592811
-5.920248
-5.052903
-5.368491
-8.738933
-5.003867
-6.463656
-5.054655
-6.032451
-6.922643
-8.304973
-5.478755
-4.776139
-9.138258
-6.771156
-6.702819
-6.677948
-7.776616
-6.621993
-5.159964
-6.33744
-5.52334
-6.500545
-6.647393
-5.297674
-6.711736
-5.85805
-5.283451
-6.877107
-5.907513
-6.277536
-5.314451
-7.166163
-7.106782
-5.403297
-6.109213
-6.115784
-6.543387
-6.59752
-9.009538
-8.523174
-6.69094
-3.950783
-5.28448
-7.04804
-7.15155
-6.773462
-7.767458
-5.070561
-5.945862
-6.014315
-4.952502
-5.805364
-4.551176
-3.693628
-6.627437
-6.594931
-6.767524
-6.230886
-8.112722
-6.105279
-6.409239
-6.741893
-5.471859
-5.1511
-5.90006
-6.732131
-5.958472
-5.697297
-7.011042
-4.780852
-8.429482
-4.506833
-6.264466
-4.745171
-6.597177
-7.148803
-6.424331
-6.59549
-6.923849
-6.995929
-6.571283
-5.125106
-5.964749
-5.935957
-6.282213
-6.189
-6.999686
-7.375481
-6.450549
-5.361711
-7.316928
-6.309192
-6.511267
-6.00183
-6.051277
-4.900022
-5.879454
-6.33738
-9.091083
-5.001794
-6.375092
-6.384296
-6.127278
-5.213201
-7.40282
-6.131547
-6.130894
-7.617458
-7.045271
-6.866481
-6.230765
-6.549887
-8.411777
-6.313254
-5.783545
-7.83434
-6.075391
-8.078107
-6.244434
-8.28819
-4.237666
-7.724525
-6.616817
-7.677011
-6.282781
-7.306345
-5.529928
-5.546546
-6.078933
-5.887954
-6.394228
-7.64069
-7.029259
-7.655524
-7.382412
-5.176118
-5.687281
-7.238212
-6.92015
-5.580508
-6.389707
-5.763566
-6.998056
-6.818501
-6.589908
-5.944595
-5.868886
-6.174559
-4.734505
-7.14698
-6.47845
-7.482637
-7.194208
-7.856932
-7.07652
-5.960984
-6.209222
-5.439762
-7.904741
-6.532994
-5.733034
-6.390016
-6.22109
-7.412043
-5.257602
-5.426696
-6.091862
-6.616501
-8.588153
-10.03018
-6.07789
-6.06741
-7.840204
-6.412545
-7.910807
-5.354287
-6.160973
-7.117167
-4.02607
-7.334765
-7.96741
-7.034128
-6.399426
-5.998353
-7.275504
-6.916953
-5.691479
-8.381151
-6.569325
-5.579264
-6.21451
-7.100678
-7.246053
-6.35953
-4.527865
-7.190258
-7.328613
-8.6754
-6.721981
-6.56993
-6.237317
-6.216976
-7.214371
-6.263076
-6.594546
-5.826031
-6.973968
-5.941687
-4.485412
-6.772303
-7.303478
-6.9771
-5.879743
-6.95208
-5.914166
-5.782666
-4.718419
-7.115679
-6.357586
-7.689683
-5.933423
-5.41431
-6.949764
-5.681725
-7.829971
-6.215218
-5.34001
-6.121146
-6.190076
-6.124048
-8.047522
-6.850709
-6.258911
-7.485904
-6.275614
-6.353
-6.854365
-9.063392
-7.151804
-5.019809
-6.968158
-7.410047
-6.560834
-7.015918
-6.30457
-5.694085
-7.198557
-5.351808
-5.984166
-7.297888
-6.143716
-6.395182
-6.058644
-6.816799
-6.884303
-5.602115
-5.57131
-6.05385
-7.650097
-6.991367
-6.765822
-6.22613
-7.289909
-6.395677
-5.803961
-5.543918
-4.784689
-6.841134
-5.884301
-6.543909
-7.375825
-6.693915
-5.068577
-6.839553
-6.333544
-6.836517
-6.520144
-5.402869
-5.78121
-4.751885
-8.019138
-7.326265
-7.981249
-7.84277
-5.604566
-6.037361
-4.770331
-6.774746
-7.13293
-8.223543
-6.366227
-6.604463
-8.028467
-6.865598
-4.569321
-7.437212
-6.662809
-7.48141
-6.910379
-6.33187
-6.058626
-5.606341
-6.756101
-8.219448
-6.869939
-4.963159
-5.336008
-4.534147
-6.725343
-7.315737
-5.563389
-5.830411
-6.082014
-5.859617
-5.460287
-5.376953
-5.867922
-6.027444
-4.138408
-5.448323
-7.794748
-5.824296
-4.687385
-4.647847
-8.146237
-5.416764
-6.722965
-7.146467
-8.633306
-4.293018
-6.1996
-8.297435
-5.8397
-8.078621
-6.091189
-5.133654
-5.643694
-6.564565
-6.322742
-8.830196
-6.299061
-7.117404
-6.595595
-5.475003
-5.394421
-8.413017
-8.323444
-5.715805
-5.319432
-4.46604
-6.473631
-6.154605
-6.804234
-6.993962
-6.428377
-7.556481
-6.819402
-6.977622
-6.000366
-6.440849
-7.140719
-7.482832
-6.215349
-7.029598
-4.265766
-6.043578
-5.889503
-4.923598
-5.507184
-5.972191
-7.234185
-6.921287
-6.900494
-6.791944
-4.503685
-5.345031
-6.592821
-6.33961
-7.575525
-4.819102
-6.758631
-6.397629
-5.84906
-6.661175
-6.170223
-6.176173
-6.853368
-6.009918
-5.196764
-4.359236
-5.81668
-3.995626
-7.620709
-6.79214
-6.007033
-5.77062
-8.172017
-5.417183
-5.808236
-6.765328
-5.909262
-5.771469
-6.095453
-6.174577
-6.978795
-5.360888
-7.846843
-6.474198
-6.966167
-5.65425
-4.427264
-6.782318
-6.506512
-6.383026
-5.31645
-6.93096
-6.659645
-5.251055
-7.658431
-6.72622
-6.889169
-5.802498
-5.568424
-5.883706
-6.125425
-6.373345
-7.059884
-5.646727
-6.67752
-6.488819
-7.373853
-7.165443
-6.320676
-5.403984
-4.690352
-6.207489
-5.387435
-5.50289
-6.327689
-5.691095
-6.846609
-7.046404
-6.113643
-5.611047
-5.181663
-6.70549
-7.310114
-6.705882
-5.536785
-7.621537
-5.18382
-6.805809
-6.239479
-6.696762
-4.480534
-6.431742
-5.806732
-5.333016
-6.976836
-5.77638
-6.794605
-6.267471
-7.25457
-5.577148
-5.17741
-6.239544
-5.264598
-4.837808
-8.026553
-6.370991
-6.022758
-5.030078
-5.447224
-7.311027
-7.979405
-5.313786
-5.776175
-7.522434
-6.435562
-6.333936
-6.267169
-5.777385
-4.424101
-8.196402
-6.690168
-6.868487
-7.849006
-6.96526
-5.819089
-6.338648
-6.787661
-5.905392
-5.077751
-5.871714
-7.275176
-7.4755
-5.358149
-5.973914
-7.254005
-7.591931
-5.828705
-6.338649
-5.394911
-6.055446
-5.254199
-6.190716
-6.383117
-5.578544
-8.332298
-6.202634
-6.370255
-4.997597
-8.030164
-7.716094
-7.627613
-6.797196
-7.191124
-6.501493
-6.093291
-5.296973
-8.090687
-5.960812
-6.908814
-7.412214
-7.445504
-6.455385
-6.572282
-5.766785
-4.613155
-7.005705
-6.196783
-5.372649
-5.865582
-6.98954
-4.92147
-6.062614
-7.985206
-4.257822
-7.092539
-6.112585
-6.318354
-8.685644
-7.563588
-6.230955
-7.769153
-5.8938
-5.499766
-7.188245
-5.466098
-4.179899
-6.784472
-7.410682
-6.142046
-5.539491
-6.278787
-7.491005
-7.058064
-6.122122
-7.285714
-6.765652
-7.741354
-7.027411
-7.610714
-6.482044
-6.676499
-6.88366
-6.124263
-6.11794
-7.446621
-5.877021
-5.256935
-8.019665
-4.134267
-6.498507
-6.412962
-6.712016
-6.341214
-7.714836
-5.807796
-4.921366
-5.820841
-7.876949
-7.681086
-7.398443
-9.104137
-4.707404
-5.465193
-8.00682
-7.281427
-7.768565
-6.982916
-5.922673
-6.183861
-6.737591
-7.11499
-4.474985
-6.225524
-7.443878
-5.156973
-6.966651
-7.019564
-5.202341
-7.796486
-6.601363
-5.571226
-6.195698
-6.340038
-8.020502
-6.671708
-7.888785
-6.23826
-4.841262
-5.116419
-5.870853
-6.122498
-6.229885
-6.737134
-7.231737
-7.231668
-7.06489
-8.481595
-4.451973
-6.633263
-7.725896
-5.857586
-7.379079
-4.722711
-6.363826
-5.763162
-5.764524
-6.026755
-5.862494
-9.282749
-7.224196
-4.515678
-6.035749
-6.647348
-4.968921
-7.70245
-6.735909
-6.29076
-6.519208
-8.066802
-5.344875
-6.404216
-7.378556
-5.958859
-6.840462
-5.283891
-5.483001
-5.329874
-6.587796
-5.938138
-8.79398
-5.941422
-5.794518
-6.329426
-6.818649
-7.760262
-5.58559
-6.067309
-7.301441
-6.228762
-6.605202
-7.301026
-8.573854
-6.626671
-7.620437
-5.346222
-5.040571
-6.885758
-4.045271
-4.517849
-7.094214
-6.937891
-4.872851
-6.412529
-6.596079
-9.072752
-5.623316
-5.739242
-6.18468
-6.783341
-6.432137
-6.934368
-7.230462
-5.488943
-7.119264
-4.725323
-5.676075
-6.906231
-5.836734
-7.744238
-4.577565
-6.160294
-6.531971
-4.471096
-6.848814
-6.753756
-7.047325
-6.079021
-6.844737
-4.860624
-6.41856
-4.778439
-3.847936
-6.229794
-7.714551
-6.457682
-7.043698
-6.412751
-5.870183
-5.881114
-5.654067
-5.715994
-7.52825
-5.82005
-6.980626
-5.316481
-4.17849
-5.411355
-5.335423
-5.85535
-5.55848
-6.171077
-6.802867
-6.009667
-7.011343
-7.885035
-5.248408
-6.016058
-6.744015
-6.976588
-6.537711
-6.527771
-7.8896
-5.919967
-6.940505
-7.113205
-6.050397
-3.991411
-6.232713
-6.453966
-7.259087
-6.242505
-5.298154
-5.811275
-5.734136
-6.487104
-7.324648
-7.853381
-6.396005
-6.888802
-5.448678
-7.483779
-6.632848
-5.414388
-5.643607
-7.406555
-7.122491
-6.000151
-7.506687
-6.77449
-5.103807
-5.175749
-6.129644
-5.78949
-5.683382
-7.500461
-6.919571
-5.967776
-5.38667
-5.735023
-6.330691
-6.385453
-5.653041
-5.718867
-6.957633
-4.21407
-7.134287
-7.332347
-5.778478
-6.748023
-6.343994
-6.157508
-6.527345
-6.445613
-5.765809
-5.349699
-6.802038
-6.219529
-5.973096
-5.717834
-5.902185
